const short remmap2_map0[960] = {
43, 44, 45, 39, 39, 39, 39, 39, 39, 39, 39, 39, 39, 39, 39, 39
,
17, 37, 18, 39, 39, 39, 39, 39, 39, 22, 23, 24, 25, 39, 39, 39
,
40, 5, 38, 39, 39, 39, 39, 39, 17, 37, 37, 37, 37, 18, 39, 39
,
40, 1, 38, 39, 39, 39, 39, 22, 40, 4, 4, 4, 4, 38, 39, 39
,
40, 7, 38, 39, 39, 39, 39, 23, 40, 4, 3, 4, 4, 38, 39, 39
,
40, 1, 38, 39, 39, 39, 39, 24, 40, 4, 2, 4, 4, 38, 39, 39
,
40, 9, 38, 39, 39, 39, 39, 25, 40, 4, 4, 4, 4, 38, 39, 39
,
40, 1, 38, 39, 39, 39, 39, 26, 40, 3, 3, 3, 3, 38, 39, 39
,
40, 14, 38, 39, 39, 39, 39, 39, 19, 39, 39, 39, 39, 20, 39, 39
,
19, 39, 20, 39, 39, 39, 39, 39, 39, 39, 39, 39, 39, 39, 39, 39
,
17, 37, 32, 33, 37, 37, 37, 41, 42, 37, 37, 34, 35, 36, 37, 18
,
19, 21, 21, 31, 21, 21, 39, 21, 22, 39, 39, 21, 22, 30, 39, 20
,
43, 44, 45, 39, 39, 39, 39, 22, 23, 24, 25, 26, 27, 28, 39, 39
,
17, 37, 18, 39, 39, 39, 17, 37, 37, 37, 37, 37, 37, 37, 18, 39
,
40, 5, 38, 39, 39, 22, 40, 1, 1, 4, 1, 4, 1, 1, 38, 39
,
40, 1, 38, 39, 39, 23, 40, 1, 1, 4, 4, 4, 1, 1, 38, 39
,
40, 7, 38, 39, 39, 24, 40, 3, 4, 4, 3, 4, 4, 3, 38, 39
,
40, 1, 38, 39, 39, 25, 40, 1, 4, 4, 2, 4, 4, 1, 38, 39
,
40, 9, 38, 39, 39, 26, 40, 3, 3, 4, 4, 4, 3, 3, 38, 39
,
40, 1, 38, 39, 39, 27, 40, 1, 1, 4, 3, 4, 1, 1, 38, 39
,
40, 14, 38, 39, 39, 28, 40, 1, 1, 3, 1, 3, 1, 1, 38, 39
,
19, 39, 20, 39, 39, 39, 19, 39, 39, 39, 39, 39, 39, 39, 20, 39
,
17, 37, 32, 33, 37, 37, 37, 41, 42, 37, 37, 34, 35, 36, 37, 18
,
19, 21, 21, 31, 21, 21, 39, 21, 23, 39, 39, 21, 23, 29, 39, 20
,
43, 44, 45, 39, 39, 39, 39, 22, 23, 24, 25, 26, 27, 28, 39, 39
,
17, 37, 18, 39, 39, 39, 17, 37, 37, 37, 37, 37, 37, 37, 18, 39
,
40, 5, 38, 39, 39, 22, 40, 1, 1, 4, 4, 4, 1, 1, 38, 39
,
40, 1, 38, 39, 39, 23, 40, 1, 1, 4, 4, 4, 1, 1, 38, 39
,
40, 7, 38, 39, 39, 24, 40, 4, 4, 4, 3, 4, 4, 4, 38, 39
,
40, 1, 38, 39, 39, 25, 40, 4, 4, 4, 2, 4, 4, 4, 38, 39
,
40, 9, 38, 39, 39, 26, 40, 3, 3, 4, 4, 4, 3, 3, 38, 39
,
40, 1, 38, 39, 39, 27, 40, 1, 1, 4, 4, 4, 1, 1, 38, 39
,
40, 14, 38, 39, 39, 28, 40, 1, 1, 3, 3, 3, 1, 1, 38, 39
,
19, 39, 20, 39, 39, 39, 19, 39, 39, 39, 39, 39, 39, 39, 20, 39
,
17, 37, 32, 33, 37, 37, 37, 41, 42, 37, 37, 34, 35, 36, 37, 18
,
19, 21, 21, 31, 21, 21, 39, 21, 24, 39, 39, 21, 24, 23, 39, 20
,
43, 44, 45, 39, 39, 39, 22, 23, 24, 25, 26, 27, 28, 29, 30, 39
,
17, 37, 18, 39, 22, 17, 4, 4, 4, 4, 4, 4, 4, 4, 4, 18
,
40, 5, 38, 39, 23, 40, 4, 4, 4, 4, 4, 4, 4, 4, 4, 38
,
40, 1, 38, 39, 24, 40, 4, 4, 4, 4, 4, 4, 4, 4, 4, 38
,
40, 7, 38, 39, 25, 40, 4, 4, 4, 4, 3, 4, 4, 4, 4, 38
,
40, 1, 38, 39, 26, 40, 4, 4, 4, 4, 2, 4, 4, 4, 4, 38
,
40, 9, 38, 39, 27, 40, 4, 4, 4, 4, 4, 4, 4, 4, 4, 38
,
40, 1, 38, 39, 28, 40, 4, 4, 4, 4, 4, 4, 4, 4, 4, 38
,
40, 14, 38, 39, 29, 40, 4, 4, 4, 4, 4, 4, 4, 4, 4, 38
,
19, 39, 20, 39, 30, 19, 3, 3, 3, 3, 3, 3, 3, 3, 3, 20
,
17, 37, 32, 33, 37, 37, 37, 41, 42, 37, 37, 34, 35, 36, 37, 18
,
19, 21, 21, 31, 21, 21, 39, 21, 25, 39, 39, 21, 29, 21, 39, 20
,
43, 44, 45, 39, 39, 39, 39, 39, 39, 39, 39, 39, 39, 39, 39, 39
,
17, 37, 18, 39, 39, 39, 39, 39, 39, 39, 39, 39, 39, 39, 46, 39
,
40, 5, 38, 39, 39, 39, 39, 39, 39, 39, 39, 39, 39, 39, 47, 39
,
19, 39, 20, 39, 39, 39, 39, 39, 39, 39, 39, 39, 39, 39, 39, 39
,
17, 18, 39, 39, 17, 18, 17, 18, 17, 18, 39, 39, 17, 18, 17, 18
,
40, 38, 39, 39, 40, 38, 19, 20, 40, 38, 18, 39, 40, 38, 40, 38
,
40, 38, 17, 18, 40, 38, 17, 18, 40, 38, 17, 18, 40, 38, 40, 38
,
40, 38, 40, 38, 40, 38, 40, 38, 40, 38, 19, 17, 40, 38, 19, 20
,
40, 38, 40, 38, 40, 38, 40, 38, 40, 38, 39, 19, 40, 38, 17, 18
,
19, 39, 39, 39, 39, 20, 19, 20, 19, 20, 39, 39, 19, 20, 19, 20
,
17, 37, 32, 33, 37, 37, 37, 37, 37, 37, 37, 34, 35, 36, 37, 18
,
19, 21, 21, 31, 21, 21, 39, 39, 39, 39, 39, 22, 26, 26, 39, 20

};

