const short remmap_map0[192] = {
17, 37, 37, 37, 37, 37, 37, 37, 37, 37, 37, 37, 37, 37, 37, 18
,
40, 1, 1, 1, 1, 1, 1, 1, 1, 1, 1, 1, 1, 1, 1, 38
,
40, 5, 1, 1, 1, 1, 1, 1, 1, 1, 3, 3, 3, 1, 1, 38
,
40, 1, 1, 1, 1, 1, 1, 1, 1, 1, 3, 4, 3, 1, 1, 38
,
40, 7, 1, 1, 1, 1, 1, 1, 3, 3, 11, 11, 11, 3, 3, 38
,
40, 1, 1, 1, 1, 1, 1, 1, 3, 3, 11, 2, 11, 3, 3, 38
,
40, 9, 1, 1, 1, 1, 1, 1, 3, 3, 11, 11, 11, 3, 3, 38
,
40, 1, 1, 1, 1, 1, 1, 1, 1, 1, 3, 3, 3, 1, 1, 38
,
40, 14, 1, 1, 1, 1, 1, 1, 1, 1, 3, 3, 3, 1, 1, 38
,
40, 1, 1, 1, 1, 1, 1, 1, 1, 1, 1, 1, 1, 1, 1, 38
,
40, 1, 1, 32, 33, 1, 1, 1, 1, 1, 1, 34, 35, 36, 1, 38
,
19, 39, 21, 21, 31, 21, 21, 39, 39, 39, 39, 21, 21, 21, 39, 20

};

