terrain vector list

Example:

0: 5,6, 10,90


0: 1,191, 38,139,
1: 38,139, 82,171
2: 82,171, 122,88
3: 122,88, 135,115
4: 135,115, 153,84
5: 153,84, 195,160
6: 195,160, 202,132
7: 202,132, 233,162
8: 233,162, 262,129
9: 262,129, 297,161
10: 297,161, 313,137
11: 313,137, 333,141
12: 333,141, 345,125
13: 345,125, 337,108
14: 337,108, 376,108


' hellicopter

15: 321,93, 369,93
16: 369,93, 374,98
17: 374,98, 374,102
18: 374,102, 371,103
19: 371,103, 358,103
20: 358,103, 352,97
21: 352,97, 321,94
22: 323,90, 323,97
23: 357,87, 357,93
24: 334,87, 380,87
25: 359,104, 358,105
26: 368,104, 369,105
27: 355,106, 373,106



28: 376,108, 412,166
29: 412,166, 439,162
30: 439,162, 458,168
31: 458,168, 479,161
32: 479,161, 500,169
33: 500,169, 529,136
34: 529,136, 564,146
35: 564,146, 583,102
36: 583,102, 567,57
37: 567,57,  603,101
38: 603,101, 601,131
39: 601,131, 628,156
40: 628,156, 645,116
41: 628,116, 661,92
42: 661,92, 688,77
43: 688,77, 707, 112


' hole in mountain

44: 676,98, 699,113
45: 699,113, 691,137
46: 691,137, 663,116
47: 663,116, 676,98


48: 707,112, 703,136
49: 703, 136, 723, 163
50: 723, 163, 751,120
51: 751, 120, 776, 117
52: 776, 117, 805, 69
53: 805, 69, 809, 80
54: 809, 80, 814, 69
55: 814, 69, 824,88
56: 824, 88, 828, 75
57: 828,75, 845,98
58: 845,98, 885, 118
59: 885, 118, 918, 154
60; 918, 154, 960, 153
61: 960, 153, 991,167


' traffic control tower
62: 1009, 166, 1007, 117,
63: 1020, 166, 1020, 117.
64: 1000, 116, 1026, 116,
65: 1026, 116, 1035, 107, 
66: 1035, 107, 993, 107,
67: 993, 107, 1000, 116,

68: 991,167, 1133, 167,
69: 1133, 167, 1202, 62,
70 : 1202, 62, 1248, 118, 
71: 1248, 118, 1266, 101,
72: 1266, 101, 1337, 168,
73: 1337, 168, 1361, 102,
74: 1361, 102, 1385, 162, 
75: 1385, 162, 1397, 123,
76: 1397, 123, 1417, 119,
77:  1417, 119, 1426, 88,
78: 1426, 88, 1418, 75, 
79:  1418, 75, 1407, 80,
80: 1407, 80, 1387, 73,
81: 1387, 73, 1403, 60,
82: 1403, 60, 1436, 54,
83: 1436, 54, 1457, 77, 
84: 1457, 77, 1474, 65,
85: 1474, 65, 1480, 83,
86: 1480, 83, 1473, 100,
87: 1473, 100, 1525, 151,
88: 1525, 151, 1549, 128,
89: 1549, 128, 1576, 150,
90: 1576, 150, 1587, 133,
91: 1587, 133, 1637, 184,
92: 1637, 184, 1661, 159,
93: 1661, 159, 1681, 186,
94: 1681, 186, 1697, 172,
95: 1697, 172, 1713, 184, 
96: 1713, 184, 1744, 162, 
97: 1744, 162, 1763, 183,
98: 1763, 183, 1780, 172,
99: 1780, 172, 1794, 180,
100: 1794, 180, 1833, 126,
101: 1833, 126, 1852, 154,
102: 1852, 154, 1894, 96,
103: 1894, 96, 1936, 146,
104: 1936, 146, 1970, 103, 
105: 1970, 103, 2009, 141,
106: 2009, 141, 1034, 113,
107: 1034, 113, 2111, 169,
108: 2111, 169, 2151, 113,
109: 2151, 113, 2190, 143,
110: 2190, 143, 2220, 117,
111: 2220, 117, 2232, 138,
112: 2232, 138, 2248, 93,
113: 2248, 93, 2266, 174,
114: 2266, 174, 2273,160,
115: 2273,160, 2293, 173,
116: 2293, 173, 2313, 152,
117: 2313, 152, 2350, 180,
118: 2350, 180, 2394, 122,
119: 2394, 122, 2441, 180,

' pyramid flats
120: 2350, 180, 2441, 180,
121: 2386, 133, 2403, 133,

122: 2441, 180, 2483, 152,
123: 2483, 152, 2496, 169,
124: 2496, 169, 2513, 131, 
125: 2513, 131, 2559, 191




















